-1.957759699999999936e-01 -4.491164000000000267e-02 -2.144489900000000060e-01 -1.806879209999999958e+00 -9.733759999999999288e-03 1.762986100000000000e+00 -4.266538300000000117e-01
-2.529456000000000065e-02 -1.654366100000000117e-01 -1.620477300000000009e-01 -1.940898390000000084e+00 -2.715120000000000033e-02 1.777516529999999984e+00 -1.078985260000000057e+00
-8.025831999999999411e-02 -1.794126799999999911e-01 -1.338594600000000134e-01 -1.956495040000000074e+00 -2.434218999999999966e-02 1.778593749999999973e+00 -3.925030899999999989e-01
4.050375552979623012e-02 -2.067077450353439760e-01 -2.357556420833188671e-01 -1.980321864635630424e+00 -4.901633664405827262e-02 1.778933872124262461e+00 -1.754183851897964441e+00
-8.273167892293592507e-02 -1.851267057356577872e-01 -1.271070607790040496e-01 -1.962683527301372521e+00 -2.385088559295407348e-02 1.778959263938875379e+00 -3.172577604368317372e-01
-2.775001408957611729e-02 -1.386660643482944266e-01 -1.594076871857736666e-01 -1.912343670951685004e+00 -2.240957012750112443e-02 1.775363702551633560e+00 -1.227640740632781169e+00
-5.157207582296103460e-02 -1.279388368907230511e-01 -1.604378155051044974e-01 -1.900678385955490990e+00 -2.081363564686675854e-02 1.774322196470574431e+00 -1.091145073645188202e+00
-2.429752914378303930e-01 -2.142507041290526992e-02 -2.057922470636119605e-01 -1.779815148396800550e+00 -4.456292122609100542e-03 1.758840202382716100e+00 2.424244788792030647e+00
-1.514306187707698814e-01 2.323530349734542755e-01 -2.718763556010394752e-03 -1.452462476481183984e+00 6.301350164219220737e-04 1.684814662641109129e+00 -8.925398500361271248e-01
-3.950863851317805153e-01 4.059725264999404226e-01 7.518779578416877329e-02 -1.201123516403086899e+00 -2.968743405027576832e-02 1.606055015568012889e+00 -1.932094664079041291e+00
-2.757980975321303041e-01 -1.717675294623993709e-01 6.541538103664358561e-02 -1.949821918220355554e+00 1.141852538449683249e-02 1.778401459228367454e+00 2.646371839811452631e+00
4.791331612182913591e-01 8.303340984484280929e-01 -7.184655186615245270e-01 -1.142387581587533951e+00 -7.232819562201089347e-01 6.260075492418809562e-01 1.179946435923504566e+00
-2.044672214054296944e-01 -1.799679229923669965e-01 -2.239264824747941654e-02 -1.958936772397969595e+00 -4.096393385279444022e-03 1.779011302710708398e+00 1.352415615109765490e+00
-5.838878256452759846e-02 -6.296288299871805050e-02 2.415020057694896444e-02 -2.245493624434011792e+00 -1.582340235240384363e+00 1.589894436289711388e+00 -1.744314611176593255e+00
6.628374510984354206e-02 -1.915970742008446803e-01 -2.573894706999093063e-01 -1.963796014662924749e+00 -4.955553044983226907e-02 1.778116950489694092e+00 -2.190129200256599074e+00
-1.782540756794797954e+00 -1.375239694967863580e+00 1.313576270180017103e+00 -2.429668638992468210e+00 2.787378491159549387e+00 2.689778690103611591e+00 -7.489495430261007280e-01
2.770754239814986197e-02 2.839402969181069603e-01 -2.182546245990689970e-01 -1.387315078877965568e+00 6.096378552189035682e-02 1.664690132241938292e+00 1.713032607358011550e+00
-1.739113202222601628e-01 -1.671719506106352227e-01 -2.515528215648372284e-02 -1.945278221142465958e+00 -4.276888841368612325e-03 1.778156336245697577e+00 1.191087920932658140e+00
-2.150739399701315779e-01 -2.206169928061668326e-02 -2.077426599951004704e-01 -1.780546609757081900e+00 -4.631657954354066221e-03 1.758957137698755169e+00 5.731186325532771075e-01
-2.953032500231129176e-01 -1.218653399801078174e-01 8.010492034727588473e-02 -2.226914840231703607e+00 2.715883534838376967e+00 2.562725639090297935e+00 -1.983441778041599823e+00
4.614146272349126665e-01 8.155945685738513751e-01 -7.900722021735616662e-01 -1.241530790043674504e+00 -9.483513397627960639e-01 1.366658612778310911e+00 2.628419673733494832e+00
8.331296938063631474e-02 -1.706993964464932623e-01 -2.733807731180661338e-01 -1.941570389158150389e+00 -4.687189162659224917e-02 1.776874102673078104e+00 -2.677597958548469048e+00
-1.274006295480424877e-01 -7.731558778154856704e-02 -2.942948331128490969e-01 -1.841676883560286582e+00 -2.284729683465822059e-02 1.767622873283057006e+00 -2.655166093188860099e+00
-6.374388278769647920e-02 2.667553675599779184e-01 -1.188013028908231905e-01 -1.406318460850228380e+00 3.140616470743222421e-02 1.671231420688830349e+00 5.557373953141436784e-01
-3.993140266873518862e-01 3.264220936628779990e-01 6.169844712563667816e-02 -1.319062989321886370e+00 -1.982713345962554968e-02 1.644892548796312637e+00 -2.180036103744031006e+00
-1.944934445124200245e-02 -1.638581574688745546e-01 -1.676802187142646117e-01 -1.939046366439987290e+00 -2.781996000475846567e-02 1.777368604378530836e+00 -1.179234261197247280e+00
-2.387240083370051336e-01 -3.871730261304684451e-02 -1.789817313984820024e-01 -1.800096709396478811e+00 -7.018988748795431352e-03 1.761992696130533664e+00 2.149972526403075346e+00
-9.517759841817796662e-02 2.168726893886390727e-01 -7.050788773197712300e-02 -1.474515896562391903e+00 1.526958163648183160e-02 1.690852548679942613e+00 -2.395791223981613358e-02
-3.140636992075120371e-01 3.158118662285446243e-01 -4.532307322531069910e-02 -1.334190926326397131e+00 1.411637330958121980e-02 1.649691760131546170e+00 -1.093832942811845399e+00
-1.902877473596955304e-01 -3.801556259825192852e-01 -3.272076550121270633e-01 -2.541407051136956863e+00 1.726540125267765236e+00 1.976849232730612416e+00 -1.451746549072143511e+00
-2.014795916931723385e-01 -1.238911466526170305e-02 -2.177968179764388779e-01 -1.769208474443607848e+00 -2.724108473087413686e-03 1.757111338742050277e+00 -1.583267441814835585e+00
-2.247208414564574597e-01 -1.516347532334928194e-01 2.435455932530445223e-03 -1.928585259894637360e+00 3.758458842803833778e-04 1.776950934652247627e+00 2.003633201369984906e+00
-2.544532471071657143e-01 -1.731472055282617106e-01 5.463120036820109243e-02 -1.951424634010638481e+00 9.614191261458739438e-03 1.778521301271237087e+00 2.379658315803135249e+00
-1.335299348017591758e-01 -1.749338439726759453e-01 -7.169649781512855979e-02 -1.953102717317460213e+00 -1.274204082246998757e-02 1.778592823841650183e+00 4.742141141941162985e-01
-6.554647460893060773e-02 -1.780251888742510891e-01 -1.147654899224733183e-01 -1.955535855552243740e+00 -2.072622338142229154e-02 1.778614053605646061e+00 -3.635722309936269547e-01
-1.391227857839528147e-02 -1.884854443420219405e-01 -1.663686123634503522e-01 -1.964915787522796276e+00 -3.171847186733907364e-02 1.778871142721873966e+00 -1.067114470793388392e+00
-1.383861437021769725e-01 -4.365375649623941534e-01 8.345236071744734085e-02 -1.466334214429450000e+00 5.746677301693367546e-02 9.774602258737348226e-01 7.238211348222315378e-01
9.506044318436303320e-02 -1.718967771412719669e-01 -2.763098920213181708e-01 -1.942635854713852694e+00 -4.769125342972231618e-02 1.776910659210991339e+00 -2.767700441055708005e+00
5.702023638904305664e-02 -2.006255002982368918e-01 -2.470898920920534259e-01 -1.973531592983973404e+00 -4.983332810239674698e-02 1.778593429481780230e+00 -1.977669974468990288e+00
-2.002394808517356517e-01 -1.501509495088091117e-01 1.570950817926967946e-02 -1.926953090993318796e+00 2.400617133644121666e-03 1.776819813052229469e+00 1.921740366329468985e+00
-6.821927153229068175e-02 -1.944329238467513710e-01 -1.328227636742334572e-01 -1.972229546202602934e+00 -2.615728894670150614e-02 1.779397565820261873e+00 -4.435568313273596242e-01
-1.484897905474308999e+00 -1.487973370461729061e+00 1.315670764710450857e+00 -2.475525793834312260e+00 -1.031064503546166577e-01 2.594346004407919182e+00 2.181659553835293863e+00
-4.799912953592916365e-03 -1.645425259239876037e-01 -2.012734871827944472e-01 -1.938562232861743118e+00 -3.346284828096814101e-02 1.777171147950945995e+00 -1.549097674380935263e+00
-1.124316894903339276e-01 -3.913265773641160794e-01 9.328677044437394539e-02 -1.429061679506680393e+00 1.360153506864030665e-02 9.455286864578752448e-01 6.197951271429817943e-01
-1.511720700186553579e+00 -1.095962906452294217e+00 1.530225550294904702e+00 -2.574147422433667565e+00 1.173627879994659784e+00 3.518031690808982148e+00 8.745949868463456234e-01
-1.876084042574392985e-01 -5.201333106240190601e-02 -2.599845239007579911e-01 -1.814316546067152203e+00 -1.361869163653729384e-02 1.764030706531322545e+00 -1.676462247802504635e+00
6.110358721224661005e-02 -2.009756371205768666e-01 -2.571094195664308524e-01 -1.973290347632703723e+00 -5.190003690016511961e-02 1.778480830522161549e+00 -2.061010578240533686e+00
