-9.497530899999999665e-01 -1.669795920000000100e+00 1.472637959999999913e+00 -2.511837799999999898e+00 2.723869430000000147e+00 2.797281770000000112e+00 -3.664558199999999877e-01
1.084260400000000013e-01 -1.477417099999999983e-01 2.431685600000000058e-01 -2.047819829999999897e+00 3.751746000000000247e-02 1.904146710000000020e+00 1.122164029999999979e+00
-9.497530899999999665e-01 -1.669795920000000100e+00 1.472637959999999913e+00 -2.511837799999999898e+00 2.723869430000000147e+00 2.797281770000000112e+00 -3.664558199999999877e-01
1.084260387696585476e-01 -1.477417106110731904e-01 2.431685628515272979e-01 -2.047819832861255573e+00 3.751745626594839983e-02 1.904146707416343176e+00 1.122164028162627725e+00
1.084260387696782679e-01 -1.477417106110551215e-01 2.431685628515362074e-01 -2.047819832861236033e+00 3.751745626594518712e-02 1.904146707416341622e+00 1.122164028162657923e+00
1.084260387695058364e-01 -1.477417106111588996e-01 2.431685628514072550e-01 -2.047819832861350609e+00 3.751745626595196642e-02 1.904146707416351392e+00 1.122164028162351723e+00
1.084260387694984812e-01 -1.477417106111666989e-01 2.431685628514046738e-01 -2.047819832861359046e+00 3.751745626595353461e-02 1.904146707416351836e+00 1.122164028162341065e+00
1.084260387696702327e-01 -1.477417106110190392e-01 2.431685628514915765e-01 -2.047819832861199618e+00 3.751745626592927624e-02 1.904146707416339179e+00 1.122164028162612404e+00
4.678520301640925333e-02 9.792343832119259073e-01 2.761969756083543226e-01 -7.977086654097454987e-01 7.120878084600202884e-01 3.061002642322990241e-01 1.707013171423523490e+00
-9.497534687682273047e-01 -1.669802857221042824e+00 1.472639421543379790e+00 -2.511839028095578019e+00 2.723863719966737040e+00 2.797279009844945374e+00 -3.664441257083582149e-01
-9.497534687682542831e-01 -1.669802857220902714e+00 1.472639421543189497e+00 -2.511839028095575799e+00 2.723863719966549191e+00 2.797279009844909847e+00 -3.664441257084047332e-01
4.677937069565637346e-02 9.792351097257089299e-01 2.762094861753531250e-01 -7.977105391050469674e-01 7.120829977359138807e-01 3.061033329878051212e-01 1.707018554625421736e+00
4.677937069567902895e-02 9.792351097254421433e-01 2.762094861747704244e-01 -7.977105391052780048e-01 7.120829977355944695e-01 3.061033329875642583e-01 1.707018554624600837e+00
-9.497534687682613885e-01 -1.669802857220856973e+00 1.472639421543128879e+00 -2.511839028095568249e+00 2.723863719966481245e+00 2.797279009844906739e+00 -3.664441257084119496e-01
-9.497534687682598342e-01 -1.669802857220873626e+00 1.472639421543149751e+00 -2.511839028095573134e+00 2.723863719966507446e+00 2.797279009844904518e+00 -3.664441257084123382e-01
-9.497534687682634980e-01 -1.669802857220849646e+00 1.472639421543118443e+00 -2.511839028095569137e+00 2.723863719966471919e+00 2.797279009844903186e+00 -3.664441257084160020e-01
-1.155279024770294871e-02 -2.924542743150049251e-02 -5.070530989703598418e-02 -2.325799605274023296e+00 1.528351598022422930e+00 1.525241288607976031e+00 -1.512114544641477654e+00
-9.497534687682611665e-01 -1.669802857220831660e+00 1.472639421543100458e+00 -2.511839028095540716e+00 2.723863719966423957e+00 2.797279009844930719e+00 -3.664441257083916326e-01
1.088565501600996521e-01 -1.477261155544014604e-01 2.427632303518617030e-01 -2.047820358399747409e+00 3.745222701429671425e-02 1.904148929042144056e+00 1.122214947440411281e+00
1.088565501599484397e-01 -1.477261155544957183e-01 2.427632303517519574e-01 -2.047820358399851770e+00 3.745222701430395151e-02 1.904148929042152494e+00 1.122214947440145494e+00
-1.155279024753770069e-02 -2.924542743174373891e-02 -5.070530989719870818e-02 -2.325799605273958459e+00 1.528351598022426039e+00 1.525241288607976475e+00 -1.512114544641169234e+00
4.677937069563608413e-02 9.792351097255351799e-01 2.762094861748951025e-01 -7.977105391051598771e-01 7.120829977356324392e-01 3.061033329875553766e-01 1.707018554624759377e+00
-9.501340410294468741e-01 -1.666198782437933401e+00 1.468932672295859998e+00 -2.512221406825787540e+00 2.721875496419306373e+00 2.796544147647765932e+00 -3.697030111765425842e-01
4.677937070076995663e-02 9.792351096925757670e-01 2.762094861081191288e-01 -7.977105391361609676e-01 7.120829977010144640e-01 3.061033329639794576e-01 1.707018554531819499e+00
